real	0m0.061s
user	0m0.073s
sys	0m0.039s

-----------------------------------------
********* SAT VALUATIONS ************
Number of Clauses: 3208
Number of Variables: 1033
Constraint Generation Time: 0.003619sec 
Solving Time: 0.004306sec 
Mem (MB): 6.09375
Formula is SAT -- DEADLOCK DETECTED
M_00102030:1
I_00102030:1
M_01112131:1
I_01112131:1
M_02:0
I_02:1
M_03:0
I_03:0
M_041424:0
I_041424:0
M_051525:0
I_051525:0
M_06:0
I_06:0
M_071626:0
I_071626:0
M_00102030:1
I_00102030:1
M_01112131:1
I_01112131:1
M_12:0
I_12:1
M_13:0
I_13:0
M_041424:0
I_041424:0
M_051525:0
I_051525:0
M_071626:0
I_071626:0
M_00102030:1
I_00102030:1
M_01112131:1
I_01112131:1
M_22:1
I_22:1
M_23:0
I_23:1
M_041424:0
I_041424:0
M_051525:0
I_051525:0
M_071626:0
I_071626:0
M_00102030:1
I_00102030:1
M_01112131:1
I_01112131:1
M_32:1
I_32:1
M_33:0
I_33:1
M_34:0
I_34:0
M_35:0
I_35:0
M_36:0
I_36:0
M_37:0
I_37:0
M_38:0
I_38:0
S_0232:0
S_0234:0
S_0236:0
S_0638:0
S_0636:0
S_0634:0
S_1234:0
S_1232:0
S_1236:0
S_1238:0
S_2236:0
S_2234:0
S_2232:1
S_2238:0
S_3303:0
S_3513:0
S_3723:0

